0
0
0
0
0
0
0
0
0
0
0
0
0
0
0
0
0
0
0
0
0
0
0
0
0
0
0
0
0
0
0
0
0
0
0
0
0
0
0
0
0
0
0
0
0
0
0
0
0
0
0
0
0
0
0
0
0
0
0
0
0
0
0
0
0
0
0
0
0
0
0
0
0
0
0
0
0
0
0
0
0
0
0
0
0
0
0
0
0
0
0
0
0
0
0
0
0
0
0
0
0
0
0
0
0
0
0
0
-19.07773
-16.23551
-0.5338769
-0.2066424
-0.6096031
-8.826048
0
-6.448682
-6.41187
-14.71137
-7.506964
-5.392447
-13.9526
-9.716823
-3.044014
-3.892489
-13.04573
-2.238379
-9.834332
-3.31331
-9.118044
-17.66918
-1.541437
-0.3300668
0
-10.28825
-4.007581
-7.142139
-7.530172
-0.6082946
-18.39566
-13.57081
-1.715175
-10.58432
-5.09709
-14.89141
-17.99672
-15.63877
-16.98486
-11.40839
-17.55885
-17.71369
-16.11257
-8.144456
-10.82725
-1.320695
-6.729539
-8.022766
0
-14.81932
-4.584018
-3.924393
-16.55258
-16.15933
-16.73098
-18.38368
-13.24935
-17.46065
-10.32646
-8.813872
-1.621126
-15.36867
-6.219722
-1.906846
-4.264053
-10.55327
-4.220286
-8.097167
-19.49711
-16.41629
-14.98005
-10.25273
-6.755084
-16.40664
-11.67272
-4.166408
-6.023801
-14.83802
-12.48379
-2.134712
-7.443774
-11.37609
-13.35407
-7.743574
-17.56982
0
-14.24491
0
-16.76684
-1.919591
-18.61372
-17.83717
-6.776985
-16.15269
