-17.91661
-2.993363
-12.96934
-8.157789
-14.56527
-6.868742
-10.69431
-2.428766
-4.45454
-1.686697
-17.58081
-2.543012
-16.36812
-9.731029
-4.837672
-6.388591
-6.738186
-1.246786
-12.45535
-8.444767
-3.55822
-0.446061
-11.02588
0
-8.880608
-14.1642
-8.623904
-5.559144
-3.359465
-12.5454
-16.35856
-11.09463
-3.55321
-17.65809
-8.500146
-17.26735
-16.45501
-10.11512
-1.50119
-12.74132
-17.59181
-16.93351
-16.43563
-19.29836
-5.389399
-17.19729
-17.9659
-19.10344
-21.23907
-5.917994
-11.64978
-16.0568
-6.075042
-10.45238
-10.27923
-17.82588
-14.65872
-12.9712
-15.75776
-18.96285
-6.596143
-16.54278
-9.599586
-12.9956
-1.47613
-13.9298
-3.419744
-0.5285426
-1.395416
-7.727033
-1.232577
-1.860694
-2.569964
-10.12406
-11.19642
-1.015787
-10.79726
-11.00711
-4.282038
-7.758029
-17.62489
-10.61208
-5.172307
-15.24917
-17.20909
-9.269979
-17.69141
-7.268153
-16.8432
-12.60992
-7.095534
-13.82894
-4.52586
-15.93139
-2.653339
-15.26535
-17.76962
-5.045652
-10.35668
-1.73151
