-3.950209
-4.534608
-13.58716
-17.92801
-9.214209
-16.83021
-1.95735
-9.15447
-17.89384
-18.81172
-17.59903
-18.25295
-14.07798
-20.1196
-17.01158
-2.273316
-17.65809
-18.19411
-6.504393
-10.51534
-17.22494
-18.41965
-11.07359
-4.863258
-6.818419
-6.548206
-18.27659
-15.84128
-2.111693
-3.168465
-6.244634
-2.521589
-18.20585
-18.27659
-5.080279
-15.983
-7.209691
-17.02616
-18.66915
-18.12398
-11.55222
-16.61387
-5.676737
-17.59917
-2.475363
-17.37142
-6.500645
-7.985687
-13.15788
-5.434103
-10.0182
-2.912904
-14.80413
-5.356706
-12.65734
-18.1473
-2.796668
-8.783348
-6.970785
-17.8146
-4.498415
-11.13003
-5.935164
-4.77163
-17.29928
-6.912055
-8.316353
0
-14.51943
-4.77172
0
0
-3.095952
-18.24116
-4.234552
-16.08863
-16.68035
-8.398939
-16.64133
-12.57394
-6.978817
-7.165229
-17.52502
-2.769455
0
-2.99374
-17.93942
-17.73602
-13.55026
-17.00204
0
-10.46635
-17.09618
-7.045601
-8.349933
-17.27798
-11.84115
-12.75481
-17.74721
-6.069241
