35.07203
42.57338
30.68855
40.69253
50.6407
30.18246
30.56598
29.99542
10.9669
19.37663
27.55067
20.5452
20.41903
30.31282
27.63672
26.25336
22.46572
24.30961
10.3335
21.81825
33.66102
17.13283
27.24099
26.61282
10.90501
24.15804
14.56489
13.0777
8.152594
19.46615
24.55107
20.29773
28.91891
22.97928
47.11588
12.57772
24.08049
61.73694
17.02514
25.65333
32.57538
25.56034
28.89891
29.26454
17.58396
6.536023
12.97968
11.5947
8.317889
10.08424
12.20611
23.36683
20.14627
10.7445
13.77229
34.18598
20.59209
23.04137
57.63091
13.56573
41.52028
14.56852
21.92344
14.26825
19.99652
24.67667
20.6871
13.6853
18.21196
14.94365
11.42194
11.2494
9.947336
32.08837
16.72144
16.58897
23.88954
11.47965
26.13536
22.62347
13.42506
12.13833
9.34773
30.60729
13.25025
14.28512
22.4257
30.15479
17.9733
16.66903
35.47128
17.40609
30.6783
26.70974
34.97271
21.76934
22.67799
23.55354
12.51171
32.37901
