0
0
0
0
0
0
0
0
0
0
0
0
0
0
0
0
0
0
0
0
0
0
0
0
0
0
0
0
0
0
0
0
0
0
0
0
0
0
0
0
0
0
0
0
0
0
0
0
0
0
0
0
0
0
0
0
0
0
0
0
0
0
0
0
0
0
0
0
0
0
0
0
0
0
0
0
0
0
0
0
0
0
0
0
0
0
0
0
0
0
0
0
0
0
0
0
0
0
0
0
0
0.04
0.07351623
0.1222083
0.1627394
0.1555983
0.4006153
1.35215
0.9485679
1.354153
2.067997
3.123957
5.119402
4.287802
7.264866
10.63396
10.4145
9.445913
8.036762
16.80397
6.99976
7.450601
14.22639
12.93175
12.0003
6.477172
5.157102
5.493288
5.218041
5.369531
6.839441
6.61059
11.05388
6.377936
12.09107
8.493915
22.91648
13.49244
18.10762
18.70418
10.95601
10.63777
26.35962
14.68874
12.7256
21.76456
35.70163
42.50208
30.59277
26.31491
23.68097
22.60569
18.44279
12.03486
18.28408
23.40716
12.12102
11.68497
34.93835
22.74025
18.80099
11.11877
15.32463
17.41069
30.11064
21.57749
14.49768
22.59498
21.65346
25.80431
15.9395
22.37862
13.37717
14.06142
30.22292
16.90421
33.08455
21.5733
25.57569
29.87025
30.80465
31.19433
39.30536
32.13841
26.20222
27.07805
24.87887
15.75295
21.92345
24.98759
14.49007
33.18147
36.66986
49.72419
25.38825
33.93248
23.06612
43.04078
36.48167
26.94382
26.11008
35.72477
