28.19115
38.11026
41.08982
27.49036
30.0693
46.99585
81.0375
43.47712
35.07852
43.16091
34.16864
32.158
47.42514
37.40904
15.32104
36.43736
18.62613
30.95361
29.78252
32.31215
22.43452
21.81846
20.62858
17.28286
15.33006
26.87928
18.97983
23.77643
21.39177
14.58033
25.30515
18.86046
12.15789
18.35769
30.15168
22.4832
28.1573
20.57966
13.63241
37.25687
28.44709
34.13609
27.7508
18.85363
32.23323
25.77036
36.31567
20.5436
16.65697
29.77322
23.36621
11.92686
14.72663
13.88867
15.58009
24.45262
20.6786
29.11944
15.87611
20.47701
12.59649
15.10516
10.23974
24.79056
26.82729
10.12934
9.806157
15.7161
24.11527
10.55524
13.65335
20.44671
18.22654
8.940003
15.02861
22.71392
24.11084
15.21785
27.41352
21.83442
22.3744
16.80241
8.928661
13.299
19.48439
13.12971
15.92304
18.59554
29.20187
13.58055
31.29488
15.08949
12.40065
8.663589
9.658535
18.6181
17.83754
30.32832
20.21478
27.64315
