216.5917
132.5099
379.9592
289.4004
70.14317
470.0351
444.9453
272.3338
212.661
471.741
48.57387
265.0958
461.3155
247.4856
236.0384
488.3455
256.2157
379.8185
290.1512
124.9204
146.8132
467.5362
306.379
130.4954
79.25465
186.8346
482.0421
170.4725
363.5702
335.5667
311.7965
551.6068
236.058
567.0729
208.3747
294.5333
350.0938
207.6705
226.1442
349.0738
171.9207
480.8967
244.8211
440.5497
97.89084
402.5052
124.3891
205.4211
361.8968
492.1749
481.9627
475.6539
484.0656
207.3603
492.0729
440.3384
390.0013
397.45
407.9969
435.2432
495.4188
425.0386
477.6933
453.8633
476.0787
473.4515
461.3745
458.4871
508.3547
464.2612
477.9977
461.5389
457.3496
277.18
151.1164
482.4864
476.131
449.5576
437.082
467.9726
501.7773
425.1172
456.6758
423.6162
463.007
518.7054
488.301
457.456
405.3422
497.737
487.232
515.8477
456.48
468.0729
457.804
354.3518
482.1629
482.4194
446.082
380.0545
