529.1317
515.9948
478.9817
462.0704
463.0555
439.6871
416.8659
494.6523
464.6853
507.3583
480.5344
496.07
497.5576
503.2759
465.6563
491.9328
516.3351
532.5208
457.2395
492.3204
504.9985
479.8792
467.2973
472.1557
506.5913
474.0896
500.2235
493.6959
489.0574
460.7945
481.8728
496.5887
470.6646
512.3026
531.7346
468.1609
489.7351
472.8568
512.4384
490.6717
455.5101
510.592
524.1407
452.2323
460.5508
495.3174
507.9358
432.4636
424.9011
479.1711
506.9534
483.1346
506.2843
518.032
460.9133
489.5838
499.3959
525.9447
518.9746
496.95
427.0004
528.522
530.3464
471.4818
503.8529
490.6706
480.4896
509.8492
504.1865
515.3301
524.8178
478.6833
453.4299
499.7614
482.9064
438.4557
508.5784
522.1253
472.618
447.4033
462.4476
479.979
506.0604
463.7034
484.3396
520.0139
481.9668
503.215
467.3306
517.6505
481.2503
454.8666
506.4085
511.6876
509.0156
480.2294
493.1994
472.8239
462.3207
465.7113
