1
33.56252
17.60587
21.6009
260.0692
9.704484
31.10204
25.29848
235.2285
83.10822
31.12976
310.2289
302.4564
23.74741
109.7554
41.11406
205.8795
111.5596
57.14104
21.52756
408.5835
83.6088
344.4231
260.2261
369.7511
361.5321
309.8785
427.5277
57.20799
206.2026
471.9322
194.51
266.6272
407.4257
378.1093
243.5873
338.2812
258.3719
263.4002
296.6185
208.4874
61.32352
409.7079
104.7461
354.7151
297.6025
434.1228
380.1816
338.7347
404.6317
350.7825
464.7191
340.399
197.6907
305.2458
382.8992
425.2012
308.1024
376.03
370.3872
459.6281
297.0082
361.2201
479.9354
401.7286
339.6636
465.0416
496.9962
447.8811
278.5211
392.7304
467.8067
366.0201
422.5931
122.1144
356.8091
224.3493
173.348
415.2017
238.5627
127.334
109.5533
451.6981
388.3092
92.93059
269.691
299.8302
345.9802
109.2522
192.5001
249.0223
236.7252
419.4279
182.2087
354.2507
325.6197
399.9334
412.0753
242.0847
555.2339
420.4341
1.272236
6.893547
19.91153
16.5598
15.1019
15.26732
18.54707
11.99251
5.089652
9.00708
22.95669
33.29129
21.20425
24.06417
25.91427
21.8131
56.07767
48.05428
33.37924
27.73186
41.77416
47.26945
169.7675
27.43316
177.0505
30.68366
46.19759
32.71072
28.86614
22.55678
24.12088
38.84736
25.26147
31.78111
41.85113
37.77753
83.96728
47.6366
34.98207
181.4026
58.4199
60.3974
436.4804
57.10809
32.53522
92.40339
176.0858
276.3695
178.1911
305.0071
298.4482
116.9047
69.04774
189.7908
150.471
55.38805
84.94981
84.3524
99.75
86.69859
53.85611
59.19178
110.0084
89.84547
327.4433
103.69
233.4916
80.02997
33.0783
87.84618
61.2974
36.63844
49.18253
55.80606
67.34349
61.82614
39.71041
33.95765
330.3822
57.45578
155.1525
119.5152
82.68613
185.9971
446.8877
70.9903
349.3037
33.36983
120.5006
439.8607
276.2403
60.89697
119.4645
62.1283
153.3594
79.81889
104.3852
286.3079
142.9669
244.0158
388.7126
