531.2542
496.2421
515.5532
529.6965
514.6732
510.6262
501.426
518.0571
522.9788
489.9138
517.1506
504.7401
512.3233
511.4411
510.1614
487.5515
517.1152
502.2479
493.3475
519.9539
517.4349
507.5108
504.8624
508.4049
530.6093
501.9919
529.8282
512.3983
541.053
520.3303
503.534
506.9604
553.1365
534.4559
517.2765
488.4458
494.8342
513.5872
510.7662
510.5688
508.0826
526.7089
526.3724
516.7049
477.1652
516.6822
486.4561
543.8875
512.5471
532.2333
512.0727
499.7542
480.1016
543.3685
502.5588
520.5797
514.9852
566.3972
521.9363
503.4453
512.1471
535.2034
515.4667
498.6726
509.4153
479.7777
513.1353
487.1093
515.0899
490.5197
516.9405
515.1661
504.0102
508.4019
529.3105
525.5424
529.6512
524.1002
510.8793
553.7863
497.0689
519.8525
520.7668
527.3216
491.4196
514.8144
511.3364
515.5394
514.1096
506.7327
485.2511
493.079
516.696
523.6311
541.9064
483.0956
517.1212
515.2407
530.263
530.9088
