156.5473
264.341
493.2796
72.56802
121.8656
234.5099
317.1899
192.7118
292.2895
440.3712
121.8199
397.7067
449.7232
410.1352
526.6534
268.7955
141.3003
96.18536
203.2502
84.27594
60.02687
434.939
325.9313
239.4813
148.9304
52.12971
440.6691
260.8763
542.1864
101.4604
454.5577
63.91743
69.9328
544.882
43.30014
291.7499
137.0501
258.2556
158.6227
67.3757
161.7163
257.1267
51.40209
564.0527
137.5456
66.06646
227.2614
115.0657
229.5515
292.1208
129.3175
66.72202
318.9777
121.7757
94.95235
71.06571
352.2662
36.54554
63.70486
388.0779
222.7773
374.4696
125.9646
323.2261
45.51964
312.3237
232.1298
353.7058
113.3218
447.888
324.2636
50.39469
147.7233
58.58784
461.6648
46.21115
485.7713
365.2595
55.71395
181.6713
95.03413
123.2512
243.1341
361.3382
306.3574
271.4211
71.682
59.89164
60.56903
362.731
349.2775
64.63524
122.4242
337.0226
106.5636
79.12003
236.1002
197.3071
191.889
74.19427
