481.9053
451.989
423.9
464.6699
496.7561
462.0889
462.5052
496.4091
448.0996
463.8623
494.2675
470.9287
458.7484
507.42
478.1743
434.6215
447.2765
476.6916
473.3036
442.7414
436.5404
407.5831
266.1605
461.9969
480.638
486.151
468.4407
457.0523
490.5746
465.4392
501.9329
372.135
428.2559
380.3398
439.0609
465.0705
482.5272
489.7372
416.6736
473.9279
448.5258
500.1065
486.2522
436.9935
500.186
499.2466
469.2795
456.7259
423.5298
509.2166
486.4167
474.8116
419.326
495.3454
474.2239
475.5753
451.3812
488.4162
448.4866
469.9599
458.8059
331.2282
426.0785
496.7816
426.4862
416.6849
446.1492
505.4061
493.2774
430.3805
471.3824
494.4235
433.8058
422.8602
448.2032
528.7213
454.442
493.1825
534.3123
362.0212
475.6673
498.8223
454.5043
381.7024
498.5062
477.408
472.1569
502.6789
480.6623
492.4752
513.6464
475.2656
498.8415
487.606
479.9929
453.8657
445.1489
489.8794
395.5236
468.8188
