481.646
505.7058
432.7282
480.0109
471.3396
414.9442
512.7443
517.155
497.7576
446.5218
466.8732
453.5439
481.4862
422.0838
464.3564
430.9521
484.1409
465.3309
486.6328
466.1439
453.9753
484.9022
491.9167
488.5403
486.8529
456.7663
441.689
459.7955
469.4487
456.6748
470.0986
485.4388
497.2383
501.2844
475.3176
504.3985
490.4394
483.518
451.5933
504.6612
520.5654
477.2459
488.8175
399.9211
485.676
505.4048
479.4625
406.7872
410.0089
435.4517
510.6366
487.5612
476.7846
489.9163
490.5019
515.3784
454.8476
490.254
467.2421
485.3799
487.1708
398.9828
465.5368
497.2672
463.3431
451.817
447.2565
493.5933
495.045
479.6052
513.98
493.1823
486.8566
460.3032
505.252
515.6964
494.9609
506.5222
500.9294
480.2645
459.2717
483.0365
474.3804
507.0399
447.0768
483.8666
510.3365
486.4877
464.826
490.8555
497.6255
510.6926
507.543
475.1198
488.5221
422.7952
471.3702
433.6957
496.4669
466.5161
