481.0784
482.0262
496.5021
497.3615
495.5777
500.6505
483.7241
508.4198
512.2643
521.0458
449.9501
515.2869
486.5561
489.1209
507.8675
510.3335
478.0342
479.3262
462.7935
501.9778
518.9302
467.5188
490.8151
485.0073
484.0568
423.4323
479.6443
516.3131
500.5024
495.9204
516.3769
499.2498
497.4168
481.7857
494.9499
491.3922
472.035
513.1553
497.832
475.4247
494.7417
477.4444
470.351
513.79
528.6626
490.7691
509.9109
500.7104
540.3946
502.2843
478.8186
519.6297
483.9933
499.9771
504.059
444.3319
460.9288
512.0781
503.8719
511.5234
507.1647
483.6505
492.6043
497.5951
519.0766
496.3496
512.2789
499.7802
483.7679
496.8148
525.3989
514.5567
475.9254
479.2816
505.6066
505.5133
514.7144
532.4083
488.2206
521.3187
521.8448
528.5762
514.1343
492.6453
494.2795
523.967
525.8317
487.6201
501.3968
528.6088
507.5226
486.0359
470.8603
511.002
494.8832
517.421
489.869
494.0116
502.8377
512.2006
