495.5089
530.0354
471.6217
474.0309
510.2968
466.1493
480.009
484.7891
435.4627
504.724
503.1844
484.4257
508.9409
467.0393
542.8461
473.269
502.8049
503.8162
491.5187
487.078
489.3245
494.8913
470.0457
463.3036
527.9439
464.7928
485.9151
481.6139
466.1513
512.4267
462.6304
500.1586
480.4731
377.8169
449.4456
451.7995
498.4636
459.7235
460.7332
484.3326
491.624
495.222
483.4211
473.877
504.4418
410.631
496.467
464.992
526.3935
481.5965
505.468
465.7774
468.8444
479.0903
489.6772
441.3604
473.6528
440.6982
483.299
487.3433
477.4321
486.4505
358.1843
440.0858
517.3616
484.7991
481.8206
487.5269
466.4428
457.3782
461.9958
469.7593
408.1431
511.4968
510.2462
478.0038
474.7987
503.0092
477.8065
502.1299
473.3506
466.6019
477.5311
486.0248
469.8851
422.2295
490.4898
536.8878
487.8277
476.6566
470.4691
464.0525
463.7035
445.9537
465.5992
502.559
510.3371
462.257
471.5261
450.7178
