25.16363
21.62231
28.61024
23.88759
15.27776
27.63972
39.44614
24.69166
25.4302
26.56973
13.5673
22.79581
30.2224
22.27255
24.98129
30.46033
31.73966
23.93081
25.07817
18.13866
20.82507
36.88549
28.51109
16.62437
14.67577
23.32085
29.79193
20.80515
31.97449
29.2928
33.34444
55.34253
24.18669
31.03437
33.02
31.55687
23.34593
22.88354
22.34931
29.98081
21.41706
47.15805
22.24826
44.91132
20.33867
45.88435
19.02892
25.52767
31.43616
40.04733
50.21336
46.19289
32.18396
29.63238
37.1049
40.02094
48.34473
30.80401
27.43075
48.72142
51.5871
64.03694
57.93244
48.84686
52.8182
71.99957
53.57082
44.01444
58.83588
62.73997
61.32595
57.69746
50.44666
38.53739
19.18279
54.72695
52.54506
52.77306
55.30401
94.70412
50.36313
55.08827
74.28944
52.30253
76.47697
79.5676
55.43825
48.79907
57.65184
69.17763
69.57088
66.84891
67.82896
84.05828
83.1504
46.1231
135.6181
101.6757
78.9125
46.27238
