110.2013
127.2514
110.9356
106.8688
120.9647
105.7614
123.4847
108.8482
98.19196
77.47978
89.00484
75.50684
101.377
77.31561
73.63439
109.6762
99.1102
102.0716
110.3622
155.2466
110.6648
145.2076
140.3295
111.1095
102.682
116.1739
80.22134
100.8435
104.8523
73.53126
103.4078
110.6619
82.63861
95.41916
94.39233
156.28
114.2354
119.3944
123.656
122.2353
110.5401
118.5504
92.26112
84.0722
94.34159
86.91702
72.01767
77.61156
64.8221
58.64134
98.56931
104.2182
118.6601
118.3231
113.3627
132.7895
112.4049
134.6263
92.75058
127.7811
119.4039
114.0451
121.6976
117.6236
128.1751
90.65175
64.50286
80.43402
103.1355
105.8282
111.8334
117.1562
105.0071
127.6858
157.9955
160.9551
93.21705
181.3555
131.7695
111.8633
120.3294
152.9129
162.1561
177.9026
146.7178
161.75
140.7735
148.035
130.6021
157.6648
193.4569
175.5791
139.5258
183.9081
181.5965
124.1346
126.7634
142.7845
125.8246
106.709
