195.046
188.8335
214.5283
239.0387
255.6804
210.1089
243.3049
186.8862
237.5921
227.7877
202.4388
217.3601
247.2211
241.6191
234.9466
206.2593
224.7712
239.5601
221.5177
210.8025
248.2077
244.5819
187.3627
166.809
208.1
197.2534
206.7886
188.0411
215.0799
236.9173
196.5141
214.9377
170.1334
151.8607
189.293
206.0999
224.0502
195.1759
172.3332
209.8451
203.645
219.5007
188.3105
200.7604
226.3079
218.3226
236.9573
158.1683
198.1497
225.4683
211.5228
209.1153
226.9861
218.1982
281.6374
235.3942
243.0875
249.0311
209.6434
201.632
230.2682
200.2108
194.9955
203.4796
236.779
234.723
221.211
214.5223
202.3651
241.255
240.0254
218.6126
166.5807
195.3858
203.9611
240.9249
193.0081
230.3116
220.8153
239.4063
191.4387
208.5702
206.6128
153.5037
144.2107
136.5084
138.9853
150.5944
178.8923
205.9301
207.9521
220.098
194.7508
201.1935
194.4922
134.8718
158.2408
191.3513
220.7776
