137.1901
151.7716
166.4884
172.4705
138.391
134.5436
158.8654
184.1781
221.1172
195.8118
151.1554
155.0552
187.6413
161.2387
155.0354
127.4634
151.8569
147.9225
128.5695
179.0455
140.888
138.3246
143.0874
95.44939
132.284
88.91421
122.8887
142.8464
182.4423
196.5739
151.8256
167.0732
140.5152
161.3919
130.3642
171.9241
123.1824
163.2847
146.8946
145.2773
135.2465
145.8332
166.5277
160.1594
176.9715
182.0086
221.368
140.8495
131.2327
178.5158
217.0117
238.4813
196.3182
174.5347
185.1837
139.7969
158.9465
193.4428
194.8209
225.7957
171.3797
181.2049
223.5132
242.3225
228.7063
175.3614
247.8664
205.6203
199.105
203.0864
165.6686
217.3745
166.6072
203.8058
204.8279
213.737
221.079
184.1419
180.2134
207.7079
217.058
220.2692
248.3909
204.5653
198.9398
230.668
225.8341
205.5481
240.3675
239.2942
210.9425
181.447
163.0543
193.8129
176.6085
193.2664
228.7598
208.5443
203.4584
172.0419
