169.8548
121.4606
129.7008
167.0054
109.386
126.9986
142.8808
143.8377
97.81277
151.4354
133.4712
139.2465
130.7708
105.7276
180.2021
117.1635
166.3231
154.5826
126.7571
152.4454
135.9928
115.3263
132.717
101.0655
104.6295
130.1255
122.2357
109.876
111.0859
116.3498
135.0436
143.4442
134.9332
79.23894
116.4227
127.1883
152.2382
129.5851
87.20213
143.0288
130.4159
135.7592
182.1913
157.4396
171.7836
99.88832
134.0088
116.3573
139.8643
152.2464
143.3129
137.091
108.839
153.6006
101.8103
125.094
106.4182
85.60404
142.0924
118.8702
115.557
77.63603
66.79424
107.4573
99.47312
142.4501
133.4534
130.3067
117.7765
98.48824
121.9481
120.1499
91.51711
157.8885
178.3516
113.6192
96.34446
133.0456
148.3528
151.9593
154.771
92.76171
117.2606
106.2318
131.7312
139.3388
170.855
100.0407
138.9122
136.3896
91.84567
129.1573
152.8471
129.7633
106.3697
126.9794
112.1749
129.534
121.2466
91.36436
