111.81
128.7907
80.91878
102.7819
78.40952
75.73747
88.22441
104.909
80.29694
75.2507
122.4861
116.471
101.0172
111.9998
98.1943
64.91553
76.54962
65.918
57.68606
80.1925
58.30247
58.86948
39.00153
68.38864
95.16573
86.82592
118.845
79.69392
81.14983
78.05138
75.73514
70.22801
44.52087
72.02902
83.99086
94.19455
86.3838
102.7326
99.50697
85.20322
78.44559
101.1569
96.88998
72.08131
111.9064
79.99096
84.89336
85.99882
71.05582
86.63696
88.35804
120.6954
118.1781
128.2247
171.7398
108.6699
96.42781
120.0789
108.006
112.7586
67.73222
47.24138
92.29046
75.76441
81.07602
97.6847
114.4347
152.8618
128.4247
78.36702
78.44444
93.4329
72.15838
72.36163
101.3441
100.2627
95.69956
107.0568
124.1583
61.28242
131.9893
111.828
93.30398
95.54415
129.707
108.8243
102.7686
116.8598
100.1604
122.2879
107.4784
123.4025
133.7101
123.8799
106.2488
82.85706
108.8361
92.35925
99.28549
78.77657
