0.1
0.3024337
0.2397131
0.5837092
1.82119
0.6846823
0.9085737
1.298906
2.333284
1.327919
1.033589
3.035114
3.393483
1.767306
2.380443
2.136461
4.098018
3.091222
2.593086
2.8396
6.162057
3.498014
7.24711
5.226613
10.01999
7.578072
6.313256
8.152377
5.141515
5.378538
8.866408
6.509587
7.783351
10.04736
8.075308
6.115004
6.916211
7.948465
7.497908
8.58102
6.251799
3.787336
7.81441
5.288458
6.408493
7.511028
10.56401
9.575287
8.06656
8.972357
10.60435
12.1509
10.0802
7.0771
10.8711
11.75561
14.58867
8.93586
14.52221
10.90749
12.30859
11.0774
12.73706
13.85705
16.8567
8.477567
12.76651
17.295
14.82079
11.15825
10.51816
11.44949
14.49517
12.06536
7.100137
11.0888
9.324662
12.74211
14.06696
10.61535
8.571474
9.11997
17.56032
13.42723
9.545247
11.86677
11.36391
13.30939
9.68014
9.989212
10.41053
10.03282
15.10756
10.91082
11.83804
16.29957
15.50537
15.88007
14.9187
20.9059
19.13928
0.8692276
1.13748
1.320988
1.665769
1.037492
1.403907
1.493452
1.575254
1.08893
1.088329
2.464536
3.659888
2.682431
2.711798
3.291533
2.897796
4.04875
6.021882
5.239386
4.831587
5.004463
6.663491
6.923283
5.665334
8.559571
5.584063
6.44144
5.337037
2.976745
3.744933
4.872979
5.302252
2.895244
8.031258
7.151073
5.092095
6.090298
8.012362
8.800938
9.162633
8.549547
6.255622
19.36048
7.537424
5.481572
9.344492
16.33433
22.72189
19.68736
15.95021
21.27843
12.16887
14.63769
18.86926
19.44846
12.3313
14.48653
14.59028
15.03022
16.00357
13.31918
15.65352
18.52772
18.73284
25.33723
16.49087
22.58587
14.34433
12.86192
16.07473
16.62677
16.65529
15.74965
17.01153
18.59522
16.22674
16.26247
16.97185
22.77258
16.59946
20.76752
18.36071
19.32121
18.43961
29.37165
14.27835
19.49444
13.62253
17.96398
24.21822
19.67361
15.19924
19.05985
12.60926
17.59632
16.67887
19.50898
23.20914
18.87784
20.15605
24.50028
