22.27289
32.65488
35.34553
12.13847
15.90121
17.19995
19.92087
16.83079
19.3452
25.48766
16.01724
25.44131
40.08091
25.61144
47.38018
24.2923
17.71934
16.26928
18.3634
15.84234
11.59647
31.01266
20.56037
20.25857
15.76813
12.62024
31.43538
25.65266
33.3671
17.41997
25.36448
13.7719
18.11952
28.23288
15.08967
22.31684
17.55591
26.60023
24.40823
18.63173
19.05402
24.02823
14.90829
31.09898
17.17147
13.07598
26.29275
20.45821
19.0056
23.18122
19.94221
21.5594
25.49728
22.86022
21.41043
20.57085
25.24566
17.06518
17.90545
31.09568
23.02748
28.04162
19.16622
30.29654
18.48421
25.15316
29.33217
23.61898
20.56368
23.34157
22.46989
15.68331
18.41384
13.90645
25.3591
14.05532
25.74717
25.19553
16.23933
22.23997
20.78887
17.91489
23.44903
29.95436
33.98613
19.42291
21.69591
20.25858
21.759
24.00092
33.19971
20.25297
21.8531
25.0052
17.59765
18.8648
24.01137
21.29931
22.16845
16.78333
