226.423
161.1868
196.9062
209.3232
239.2679
251.5594
202.5956
239.0191
222.6616
191.2862
222.9887
187.1903
207.4704
267.9738
203.8819
185.4796
156.8451
172.6055
204.5506
206.5733
217.433
186.0958
174.7762
203.6749
207.6028
167.1764
178.8595
192.9219
184.6023
165.1323
202.013
191.7364
204.6323
167.1097
195.4166
210.1763
194.2162
164.8852
182.7422
198.5307
200.9369
218.0552
225.5087
172.2061
186.0994
197.4513
159.105
197.9605
178.6359
213.2178
216.953
155.4
143.423
163.5921
173.9914
213.6579
217.2833
187.5716
202.3636
205.8214
217.5553
245.4761
202.1715
229.8679
219.6983
203.6212
187.0905
205.587
206.5502
215.9558
207.8295
201.8854
213.8796
268.9067
229.5132
252.8329
252.4938
238.7117
258.5095
188.2408
195.328
197.091
213.8098
202.6066
173.2806
179.5793
160.1055
183.1331
182.8801
222.8873
167.7609
149.857
243.3784
255.5612
284.205
217.0268
222.6799
224.8588
192.7681
237.9261
