100.2928
113.3006
89.43166
106.834
97.1543
78.26894
78.07344
120.7368
133.2443
143.4819
126.5663
79.71133
136.9105
99.17805
127.528
106.1263
148.2979
103.2647
120.025
111.6562
113.5584
124.4985
139.8157
158.8809
113.6254
126.9308
154.3987
137.2261
140.6044
118.4174
123.0632
147.1007
144.6972
114.1967
149.015
123.1145
149.866
114.5192
90.86639
124.1104
129.9857
137.5462
142.0644
117.1589
133.8625
126.7521
139.9018
104.3626
88.68416
130.8226
155.4405
130.5232
167.2828
168.2051
103.7575
110.7626
151.7711
130.3587
112.8106
140.6675
65.25349
111.5908
95.08925
136.9907
123.2944
98.29055
127.5937
116.975
84.66508
106.0069
125.1781
101.5415
104.7326
113.851
109.9646
122.9721
172.5116
106.4302
135.823
90.14813
100.1506
117.4292
99.96066
100.1955
100.0438
125.0314
133.3934
125.607
92.32526
89.55714
86.19431
113.8834
121.6425
117.7018
121.4665
118.396
152.5483
127.3804
133.6091
164.0677
